-1.680122254211528832e+00
-6.839373292090441536e-01
-4.567068186112032691e-01
-1.428290772378129736e+00
-6.997575717988830935e-01
1.372149414344174256e-01
-9.658866326445961770e-01
-1.202955698606693380e+00
2.585307568307476100e-01
2.552760885749978947e-01
-1.295311301601535514e-01
-1.918772130234345008e+00
-6.471679417779703236e-01
-8.308334052848966866e-01
-6.008823047484551649e-01
-5.555498371298517313e-01
-1.710577588709793484e-01
-5.168340335395676943e-02
-2.441005732755650304e-01
-1.096287865208031453e+00
-2.186996126826147080e+00
-1.895205499718683573e+00
-1.113379726754442745e+00
-1.552227884526903967e+00
-1.799966752756331223e+00
-1.520748339695782825e+00
-1.532505886802957740e+00
-1.871352404202912822e+00
-7.361660865805247367e-01
-2.315722284796125852e+00
-7.374284961191428511e-01
-1.721995641725107440e+00
-1.309187377950346010e+00
-1.435577710998247047e+00
-7.430973031224250569e-01
-1.513941051399912752e+00
-2.057234883647148571e+00
-1.736075827373911862e+00
-1.000869681146684842e+00
-2.265596737373702041e+00
-1.174554548232441542e+00
-1.926003344494853886e+00
-6.051360602688871104e-01
-9.589545457708322784e-01
-1.869250148802041656e+00
-4.703456437054729933e-01
1.590477868375360926e-01
-8.183753883327504752e-01
3.982605227542306836e-01
-1.453084672084386186e+00
-8.638474964028551861e-01
5.723594070426902825e-01
-9.054979825400426563e-01
-1.845774567617347039e-01
-1.695889910999404337e+00
-1.165926732445794700e+00
-1.251081017583214772e+00
-1.166492735644834688e+00
-5.125526252105858660e-01
7.666390412617075656e-01
-9.933330524223236146e-01
-3.096551302815718776e-01
4.099062821261174050e-01
-3.880272976740452573e-01
4.904567159669467324e-01
-1.318076536709328062e-01
-8.430266112431888947e-01
4.510455917344311505e-01
6.828741511792428831e-01
6.278872401248519752e-01
-5.820246516355303407e-02
-2.503745471537632827e-01
-5.313698215188478180e-01
-5.017821478733602847e-01
7.010806724969852466e-01
-6.206259890068133167e-01
-1.340962479666719220e+00
8.721499222831370357e-01
7.446000182089043129e-01
-9.877975996923945082e-03
2.751646692502008884e-01
-2.360051327560867551e-01
6.932879151696007547e-01
-1.578093950919790545e-01
-5.702809497204667233e-01
-4.908251665336614278e-01
-1.254526005233123631e-01
-6.825884034091570518e-01
-1.103401352696910864e+00
-4.644345191748964763e-01
-9.773544983530120245e-01
3.780425110205121869e-02
7.135643823122476137e-01
1.913962004591062971e-01
-7.961122066223879079e-01
9.453891456235570881e-03
1.816107584412381959e-01
-5.174579562556709533e-02
-4.292073038308541477e-01
2.336137393403034390e-01
1.091345397506284232e-01
-2.865419697383608799e-01
1.508896895573937358e-01
-3.452613821829900176e-01
3.641027327255896839e-01
8.602560681149624688e-01
5.934948775455773928e-01
7.209778840888481262e-03
8.057069391053479634e-01
6.322863165746000873e-03
-1.655519882404426768e-01
-4.994686829206272938e-01
3.284711082236457247e-01
3.830694265631590101e-01
-5.915960558201077690e-02
7.557923057761244401e-01
-3.087447118191342238e-02
7.347080870978859313e-01
1.304415733529112442e+00
1.522447320868285381e+00
9.892359438089417534e-01
1.496383603109290306e+00
5.417741521561461049e-01
9.858796623535729386e-01
1.782882658168915890e+00
1.566140832800951843e+00
8.103181385616710086e-01
1.567763565778237833e+00
2.509925299884772643e-01
1.605680011921929440e+00
1.451467631309423911e+00
1.195165451416309255e+00
1.135777188908537516e+00
8.365141078467328573e-01
9.727699915671562253e-03
1.694527497194808330e+00
1.838050027539247788e-01
3.283902354672565971e-01
2.671132244812735035e-01
1.387599633260944154e+00
1.719358918676409387e-01
1.133867810671772780e+00
9.202335512341635049e-01
3.536281653783622247e-01
5.696587176618839177e-01
5.478612555090298653e-01
7.899518006041764684e-01
6.278521316030439836e-01
7.663712203054858785e-01
1.301109519771834977e+00
1.135907205254122809e+00
3.395059918541200039e-01
1.548595785059636576e-01
7.931206636664980270e-01
5.997379917481036049e-01
2.441453842640660676e-01
1.359886452408175073e+00
2.141622462646110558e-01
6.799518191837130576e-01
7.633591477398959935e-01
1.182602801771477807e+00
1.212907526870287800e+00
1.096369525894709485e+00
7.282475810228274948e-01
1.291577556765194812e+00
1.684866201832992960e+00
1.191106908054831104e+00
3.782008892777884435e-01
6.934066328766608223e-01
1.220156606669366095e+00
4.243230879345354367e-01
2.829369207098023642e-01
1.690783852972600032e+00
1.058293289979367779e+00
8.589300539756365982e-01
1.104914599751692927e+00
1.720934573694692382e+00
3.420827494058623075e-01
1.986324302338560166e+00
1.353297029303146104e+00
7.463549290217637022e-01
1.289380682082648777e+00
