-1.286195892558442411e-01
-1.418828340495886575e+00
4.745585832341763233e-01
-8.999683891368600586e-01
3.034621860519421711e-03
-1.775834756182020913e+00
-2.186015757848597918e+00
1.084845309348600129e+00
-3.828372050694739959e-01
3.409307071381945664e-01
2.200717958957566500e-01
-1.761250232731992327e+00
-6.008927934269556737e-01
-5.339018117258671481e-01
1.425295088251843811e+00
2.728074684894995494e-01
-3.159157392298153622e-01
1.411233200310805902e+00
4.327374663478108507e-01
-8.102563745588027277e-01
8.525535578877041498e-01
4.286665300992810734e-01
-1.373411050883707740e-01
6.875748176851622651e-01
-1.140137920138883931e+00
1.555874920133447414e+00
6.078524183675890757e-01
1.241689610709978187e+00
-3.095106430583239865e-01
-1.245900621681622633e+00
2.006665696455806280e+00
-9.837642672045030512e-01
-5.935950737775513852e-01
1.519258102200307992e+00
7.478215543693869094e-01
-2.634896720881564902e-01
-1.042292818685753186e+00
3.629919195226590789e-01
1.222150676753071874e+00
-5.442539380566633334e-01
1.067483662968877756e+00
7.759505598654833358e-01
1.421365892597835634e+00
-4.621943599495244581e-01
5.700623522383426733e-01
-5.235307849874002439e-01
3.288192270918732230e-01
8.796375556562926468e-01
1.639199600468375762e+00
9.684638104492655497e-01
2.273925672125662323e-01
9.699690347193492546e-01
-6.751111538300740289e-01
-6.117778950006703270e-02
1.406554326261302945e+00
-2.114526659806870601e+00
1.729477973156990644e-01
-5.504533909759279364e-01
3.431489185403642783e-01
3.970070322077351443e-01
1.052120677809780025e+00
-1.147738632167997430e+00
5.129700711722182116e-03
-4.569997851379823950e-01
4.785746994902899676e-01
-8.749208743247154363e-01
1.086645923330298080e+00
-6.072055636558546521e-01
-5.248316283554975703e-01
-1.430319185805710713e+00
1.247347326510511722e+00
-1.167118638017903498e+00
7.868880061226366518e-01
-2.732633686358386105e-01
-5.411076086331016999e-01
2.417561929122444830e-01
-2.158904248624976319e+00
-1.273510491879888740e+00
-1.301019536311459168e+00
-8.223436111529259795e-01
1.075805451653222500e+00
